# Created by Octave 3.2.4, Wed Jan 23 07:15:43 2013 CST <vsubhashini@shAnti>
# name: Results
# type: matrix
# rows: 271
# columns: 5
 0 0 0 0 0
 25 500 1 0 48.4
 25 500 1 5000 66.59999999999999
 25 500 2 0 47.2
 25 500 2 5000 65.59999999999999
 25 500 3 0 42.6
 25 500 3 5000 59
 25 500 4 0 37.8
 25 500 4 5000 52.6
 25 500 5 0 33
 25 500 5 5000 44.4
 25 500 6 0 29.8
 25 500 6 5000 40.4
 25 500 7 0 26
 25 500 7 5000 39.2
 25 500 8 0 26.8
 25 500 8 5000 32.6
 25 500 9 0 22.4
 25 500 9 5000 31.4
 35 500 1 0 50
 35 500 1 5000 65.40000000000001
 35 500 2 0 52
 35 500 2 5000 64
 35 500 3 0 44.8
 35 500 3 5000 58.2
 35 500 4 0 42
 35 500 4 5000 56.4
 35 500 5 0 35.4
 35 500 5 5000 55.4
 35 500 6 0 34.6
 35 500 6 5000 45
 35 500 7 0 34.8
 35 500 7 5000 44
 35 500 8 0 31.6
 35 500 8 5000 48
 35 500 9 0 30
 35 500 9 5000 42.2
 50 500 1 0 56.8
 50 500 1 5000 68
 50 500 2 0 56
 50 500 2 5000 70.40000000000001
 50 500 3 0 56.8
 50 500 3 5000 71
 50 500 4 0 52.6
 50 500 4 5000 65.8
 50 500 5 0 49.2
 50 500 5 5000 62.6
 50 500 6 0 47.8
 50 500 6 5000 57.2
 50 500 7 0 45.2
 50 500 7 5000 56.2
 50 500 8 0 41.4
 50 500 8 5000 56
 50 500 9 0 43.6
 50 500 9 5000 51.6
 75 500 1 0 60
 75 500 1 5000 71.2
 75 500 2 0 63
 75 500 2 5000 73.8
 75 500 3 0 61.6
 75 500 3 5000 67.8
 75 500 4 0 55.2
 75 500 4 5000 66.8
 75 500 5 0 51.8
 75 500 5 5000 70.2
 75 500 6 0 50.6
 75 500 6 5000 65.2
 75 500 7 0 47.4
 75 500 7 5000 60.2
 75 500 8 0 49.4
 75 500 8 5000 56.6
 75 500 9 0 48.6
 75 500 9 5000 60.6
 100 500 1 0 60.6
 100 500 1 5000 75.8
 100 500 2 0 61.2
 100 500 2 5000 73.59999999999999
 100 500 3 0 60.8
 100 500 3 5000 71.59999999999999
 100 500 4 0 57.6
 100 500 4 5000 71
 100 500 5 0 56.8
 100 500 5 5000 72.40000000000001
 100 500 6 0 53.6
 100 500 6 5000 70.59999999999999
 100 500 7 0 54.4
 100 500 7 5000 63.8
 100 500 8 0 51.8
 100 500 8 5000 65.2
 100 500 9 0 54
 100 500 9 5000 63.4
 150 500 1 0 65.8
 150 500 1 5000 81.59999999999999
 150 500 2 0 67.40000000000001
 150 500 2 5000 79.2
 150 500 3 0 65.40000000000001
 150 500 3 5000 77.59999999999999
 150 500 4 0 62
 150 500 4 5000 78
 150 500 5 0 61.6
 150 500 5 5000 76.2
 150 500 6 0 61.2
 150 500 6 5000 76.2
 150 500 7 0 59.8
 150 500 7 5000 74.8
 150 500 8 0 59.8
 150 500 8 5000 72.40000000000001
 150 500 9 0 62.8
 150 500 9 5000 73.8
 200 500 1 0 67.8
 200 500 1 5000 81.2
 200 500 2 0 70
 200 500 2 5000 83.2
 200 500 3 0 63.8
 200 500 3 5000 80.2
 200 500 4 0 65.59999999999999
 200 500 4 5000 81.40000000000001
 200 500 5 0 63.2
 200 500 5 5000 79
 200 500 6 0 63.2
 200 500 6 5000 78.40000000000001
 200 500 7 0 63.4
 200 500 7 5000 76.2
 200 500 8 0 59
 200 500 8 5000 75.8
 200 500 9 0 58.2
 200 500 9 5000 73
 300 500 1 0 75
 300 500 1 5000 83.40000000000001
 300 500 2 0 71.2
 300 500 2 5000 82.8
 300 500 3 0 70.8
 300 500 3 5000 81.2
 300 500 4 0 71.59999999999999
 300 500 4 5000 85.2
 300 500 5 0 65.59999999999999
 300 500 5 5000 82
 300 500 6 0 69.8
 300 500 6 5000 80.40000000000001
 300 500 7 0 65
 300 500 7 5000 79.8
 300 500 8 0 67.8
 300 500 8 5000 82.59999999999999
 300 500 9 0 63.8
 300 500 9 5000 77.40000000000001
 400 500 1 0 75.2
 400 500 1 5000 84.8
 400 500 2 0 77.40000000000001
 400 500 2 5000 90
 400 500 3 0 76.2
 400 500 3 5000 87.40000000000001
 400 500 4 0 71.59999999999999
 400 500 4 5000 85
 400 500 5 0 70.40000000000001
 400 500 5 5000 85.40000000000001
 400 500 6 0 69.8
 400 500 6 5000 83
 400 500 7 0 69.59999999999999
 400 500 7 5000 84
 400 500 8 0 69.2
 400 500 8 5000 83.40000000000001
 400 500 9 0 67.40000000000001
 400 500 9 5000 83
 500 500 1 0 76.2
 500 500 1 5000 88
 500 500 2 0 77.40000000000001
 500 500 2 5000 85.2
 500 500 3 0 76.59999999999999
 500 500 3 5000 86.2
 500 500 4 0 73.59999999999999
 500 500 4 5000 84.40000000000001
 500 500 5 0 70.8
 500 500 5 5000 85
 500 500 6 0 72.2
 500 500 6 5000 87.2
 500 500 7 0 71.59999999999999
 500 500 7 5000 85.2
 500 500 8 0 70.59999999999999
 500 500 8 5000 82.8
 500 500 9 0 71.2
 500 500 9 5000 86
 600 500 1 0 79.40000000000001
 600 500 1 5000 87.2
 600 500 2 0 78.59999999999999
 600 500 2 5000 91
 600 500 3 0 78.40000000000001
 600 500 3 5000 89.40000000000001
 600 500 4 0 79.59999999999999
 600 500 4 5000 87.59999999999999
 600 500 5 0 74.59999999999999
 600 500 5 5000 89.8
 600 500 6 0 75.2
 600 500 6 5000 86.59999999999999
 600 500 7 0 75.59999999999999
 600 500 7 5000 84.2
 600 500 8 0 74
 600 500 8 5000 85.59999999999999
 600 500 9 0 75.8
 600 500 9 5000 83.40000000000001
 700 500 1 0 79.2
 700 500 1 5000 91
 700 500 2 0 78.59999999999999
 700 500 2 5000 91
 700 500 3 0 78.8
 700 500 3 5000 88.40000000000001
 700 500 4 0 79.40000000000001
 700 500 4 5000 90.2
 700 500 5 0 78.8
 700 500 5 5000 89.40000000000001
 700 500 6 0 78.2
 700 500 6 5000 90.2
 700 500 7 0 78.8
 700 500 7 5000 87.8
 700 500 8 0 79.2
 700 500 8 5000 87.2
 700 500 9 0 75.2
 700 500 9 5000 87.40000000000001
 784 500 1 0 79.40000000000001
 784 500 1 5000 90
 784 500 2 0 79.8
 784 500 2 5000 89.8
 784 500 3 0 82.40000000000001
 784 500 3 5000 88.40000000000001
 784 500 4 0 85.2
 784 500 4 5000 90.2
 784 500 5 0 80.40000000000001
 784 500 5 5000 90
 784 500 6 0 78.40000000000001
 784 500 6 5000 91.40000000000001
 784 500 7 0 78.8
 784 500 7 5000 87.40000000000001
 784 500 8 0 78.8
 784 500 8 5000 89.2
 784 500 9 0 76.40000000000001
 784 500 9 5000 89.40000000000001
 800 500 1 0 78.40000000000001
 800 500 1 5000 91.40000000000001
 800 500 2 0 79.2
 800 500 2 5000 92.2
 800 500 3 0 82.59999999999999
 800 500 3 5000 89.59999999999999
 800 500 4 0 81.2
 800 500 4 5000 89.59999999999999
 800 500 5 0 81
 800 500 5 5000 89.2
 800 500 6 0 78.40000000000001
 800 500 6 5000 89.59999999999999
 800 500 7 0 80.2
 800 500 7 5000 88.40000000000001
 800 500 8 0 78
 800 500 8 5000 92.40000000000001
 800 500 9 0 78.8
 800 500 9 5000 89.40000000000001
 1000 500 1 0 83.40000000000001
 1000 500 1 5000 91
 1000 500 2 0 84.8
 1000 500 2 5000 90.40000000000001
 1000 500 3 0 84
 1000 500 3 5000 90.2
 1000 500 4 0 79.8
 1000 500 4 5000 90
 1000 500 5 0 79.8
 1000 500 5 5000 88.59999999999999
 1000 500 6 0 80.59999999999999
 1000 500 6 5000 89.59999999999999
 1000 500 7 0 82.59999999999999
 1000 500 7 5000 91.2
 1000 500 8 0 78.2
 1000 500 8 5000 90.2
 1000 500 9 0 78.40000000000001
 1000 500 9 5000 89
