# Created by Octave 3.2.4, Thu Jan 24 17:26:15 2013 CST <vsubhashini@shAnti>
# name: Results
# type: matrix
# rows: 49
# columns: 5
 0 0 0 0 0
 50 500 3 0 44.56
 50 500 3 5000 55
 50 500 3 0 53.11999999999999
 50 500 3 5000 63.84
 50 500 3 0 52.34
 50 500 3 5000 64.58
 50 500 3 0 54.42
 50 500 3 5000 68.13999999999999
 100 500 3 0 50.06
 100 500 3 5000 56.46
 100 500 3 0 62.12
 100 500 3 5000 71.26000000000001
 100 500 3 0 61.64
 100 500 3 5000 73.59999999999999
 100 500 3 0 60.17999999999999
 100 500 3 5000 71.8
 300 500 3 0 55.7
 300 500 3 5000 65.66
 300 500 3 0 71.02
 300 500 3 5000 80.58
 300 500 3 0 74.39999999999999
 300 500 3 5000 85.64000000000001
 300 500 3 0 73.66
 300 500 3 5000 85.82000000000001
 500 500 3 0 60.04000000000001
 500 500 3 5000 68.50000000000001
 500 500 3 0 74.34
 500 500 3 5000 84.26000000000001
 500 500 3 0 80.17999999999999
 500 500 3 5000 87.64
 500 500 3 0 79.36
 500 500 3 5000 88.08000000000001
 700 500 3 0 62.64000000000001
 700 500 3 5000 70.55999999999999
 700 500 3 0 79.26000000000001
 700 500 3 5000 84.56000000000002
 700 500 3 0 82.94
 700 500 3 5000 89.88000000000001
 700 500 3 0 82.28
 700 500 3 5000 91.72
 1000 500 3 0 62.67999999999999
 1000 500 3 5000 72.33999999999999
 1000 500 3 0 80.41999999999999
 1000 500 3 5000 86.52
 1000 500 3 0 84.8
 1000 500 3 5000 91.44000000000001
 1000 500 3 0 85.09999999999999
 1000 500 3 5000 92.12
